MY_ACCOUNT_ID = 0.0.3833849
MY_PRIVATE_KEY = 302e020100300506032b6570042204203e238bb604b26b2a0458803996d27b8d5742f206bed5b3157cf44e7c43479cda
MY_PUBLIC_KEY = 302a300506032b65700321009b3cec070b024c3b882289887245535704531ff3f37dfd91ad55e58320d38083

ACCOUNT_ID_1 = 0.0.3904674
PRIVATE_KEY_1 = 302e020100300506032b657004220420852cccdab28b96298926dd5bd6a03d9a030c1554ff5cdfa754ba9d15e159d534

ACCOUNT_ID_2 = 0.0.3904676
PRIVATE_KEY_2 = 302e020100300506032b65700422042043a434c9263a0b7a4fb583dc506eb5e8289d95b49c0acd8304c6d14fc8cf4806

ACCOUNT_ID_3 = 0.0.3904678
PRIVATE_KEY_3 = 302e020100300506032b6570042204204ff2c77aafd392a167443c3a50f8945921e8e860c411e95788d973f24d2d3171

ACCOUNT_ID_4 = 0.0.3904680
PRIVATE_KEY_4 = 302e020100300506032b657004220420a028489f940183c6b10f856384fd947a2a04a5dbb54aac2d5c1bfb1d9ca87032

ACCOUNT_ID_5 = 0.0.3904682
PRIVATE_KEY_5 = 302e020100300506032b6570042204204c7a1d25eb207a34bae0763455cfcc4735d58bf0db5c9e94523a6d1be8cc723f
